,City,Cloudiness,Country,Date,Humidity,Lat,Lng,Max Temp,Wind Speed
0,carnarvon,0,ZA,1572759836,12,-30.97,22.13,66.9,6.73
1,quepos,63,CR,1572760361,83,9.43,-84.16,70.0,8.05
2,nikolskoye,90,RU,1572760074,93,59.7,30.79,36.0,11.18
3,firminy,100,FR,1572760361,66,45.39,4.29,57.2,12.75
4,ankazoabo,53,MG,1572760364,38,-22.29,44.51,81.05,11.83
5,deputatskiy,62,RU,1572760364,100,69.3,139.9,-6.72,1.92
6,san rafael,0,AR,1572760364,31,-34.61,-68.33,55.71,2.95
7,cururupu,25,BR,1572760364,96,-1.82,-44.87,73.8,4.27
8,yellowknife,75,CA,1572759907,85,62.45,-114.38,21.2,10.29
9,hoi an,40,VN,1572760364,70,15.88,108.33,84.2,10.29
10,milkovo,90,BG,1572760364,87,41.53,24.68,55.99,3.36
11,longyearbyen,40,NO,1572760088,72,78.22,15.63,12.2,17.22
12,kapaa,90,US,1572760064,88,22.08,-159.32,80.6,10.29
13,avarua,100,CK,1572760074,60,-21.21,-159.78,75.2,14.99
14,narsaq,40,GL,1572760095,54,60.91,-46.05,28.4,2.24
15,busselton,97,AU,1572760067,33,-33.64,115.35,71.01,10.76
16,castro,90,CL,1572760075,100,-42.48,-73.76,46.4,10.29
17,ukiah,0,US,1572760365,44,39.15,-123.21,57.0,2.59
18,okhotsk,100,RU,1572760365,83,59.36,143.24,31.17,17.02
19,arraial do cabo,7,BR,1572760067,88,-22.97,-42.02,72.77,26.11
20,rikitea,87,PF,1572760064,78,-23.12,-134.97,71.19,13.91
21,new norfolk,75,AU,1572760067,72,-42.78,147.06,59.0,10.29
22,mar del plata,100,AR,1572760072,48,-46.43,-67.52,58.98,27.92
23,kamaishi,75,JP,1572760366,76,39.28,141.86,53.6,5.82
24,albany,20,US,1572759819,74,42.65,-73.75,37.4,2.55
25,ushuaia,20,AR,1572760063,86,-54.81,-68.31,37.4,4.7
26,sur,39,OM,1572760066,63,22.57,59.53,81.84,7.56
27,rio grande,100,BR,1572759880,89,-32.03,-52.1,64.99,3.0
28,victoria,75,BN,1572760064,62,5.28,115.24,89.6,6.93
29,bertoua,99,CM,1572760366,96,4.58,13.68,68.07,1.1
30,bodden town,10,KY,1572760366,81,19.28,-81.25,82.0,10.0
31,hermanus,99,ZA,1572760063,90,-34.42,19.24,61.0,1.99
32,tsabong,0,BW,1572760366,32,-26.02,22.4,82.9,13.78
33,sola,0,TZ,1572760079,47,-3.17,33.8,73.83,11.07
34,vaini,40,IN,1572760064,74,15.34,74.49,80.6,5.82
35,miri,22,NG,1572760366,45,10.31,9.75,73.53,2.35
36,salalah,75,OM,1572760091,70,17.01,54.1,86.0,3.36
37,bredasdorp,0,ZA,1572760076,67,-34.53,20.04,60.8,6.93
38,atuona,72,PF,1572759838,77,-9.8,-139.03,79.84,12.21
39,tazovskiy,94,RU,1572759866,95,67.47,78.7,6.85,8.77
40,lagoa,20,PT,1572760082,88,37.14,-8.45,64.99,17.22
41,koshurnikovo,72,RU,1572760367,69,54.3,93.39,25.39,9.44
42,tura,100,RU,1572760367,80,64.27,100.22,10.58,16.89
43,muli,0,CN,1572760367,52,28.08,109.56,69.22,7.4
44,punta arenas,40,CL,1572760065,80,-53.16,-70.91,39.2,20.8
45,amos,90,CA,1572760367,97,48.57,-78.12,33.01,5.82
46,dikson,100,RU,1572760064,93,73.51,80.55,0.07,8.19
47,georgetown,20,GY,1572760058,100,6.8,-58.16,75.2,2.24
48,vostok,83,RU,1572760367,73,46.45,135.83,25.41,5.59
49,lompoc,1,US,1572760088,66,34.64,-120.46,53.01,3.36
50,ourem,75,PT,1572760367,100,39.64,-8.59,63.0,11.41
51,aberdeen,40,US,1572760285,100,46.98,-123.82,50.0,2.26
52,aklavik,90,CA,1572760092,100,68.22,-135.01,23.0,3.36
53,airai,9,TL,1572760095,35,-8.93,125.41,85.08,9.17
54,salekhard,29,RU,1572760368,85,66.54,66.62,6.44,7.81
55,hilo,20,US,1572759805,74,19.71,-155.08,80.6,5.82
56,bayir,0,TR,1572760368,93,37.27,28.22,51.8,5.82
57,buala,100,SB,1572760072,77,-8.15,159.59,83.08,7.05
58,hithadhoo,28,MV,1572760075,66,-0.6,73.08,82.38,1.99
59,barrow,0,AR,1572760062,69,-38.31,-60.23,44.92,6.91
60,sorland,24,NO,1572760087,64,67.67,12.69,40.48,18.14
61,zaragoza,20,SV,1572760368,83,13.59,-89.29,80.6,6.93
62,mataura,0,NZ,1572759844,56,-46.19,168.86,65.62,9.06
63,amahai,41,ID,1572760368,76,-3.31,129.0,81.86,7.7
64,acucena,37,BR,1572760368,98,-19.07,-42.55,61.99,2.13
65,ribeira grande,99,PT,1572760067,82,38.52,-28.7,61.0,9.64
66,nchelenge,26,ZM,1572760368,44,-9.35,28.74,80.13,3.83
67,muros,75,ES,1572760087,93,42.77,-9.06,57.99,9.17
68,cape town,22,ZA,1572759966,86,-33.93,18.42,64.0,1.9
69,isangel,75,VU,1572760101,65,-19.55,169.27,78.8,11.41
70,mahebourg,75,MU,1572760065,83,-20.41,57.7,73.99,17.22
71,khatanga,92,RU,1572760091,98,71.98,102.47,-11.13,6.22
72,lebu,27,ET,1572760071,48,8.96,38.73,62.02,8.25
73,bluff,60,AU,1572759848,40,-23.58,149.07,86.83,17.6
74,puerto ayora,79,EC,1572760074,92,-0.74,-90.35,68.0,5.01
75,ust-maya,60,RU,1572760369,91,60.42,134.54,4.17,3.4
76,dingle,100,PH,1572760099,85,11.0,122.67,79.66,8.43
77,kiama,75,AU,1572760369,60,-34.67,150.86,73.4,23.04
78,vila franca do campo,75,PT,1572760082,77,37.72,-25.43,64.4,5.82
79,tasiilaq,100,GL,1572760072,63,65.61,-37.64,30.2,8.05
80,paramonga,100,PE,1572760369,94,-10.68,-77.82,60.84,6.02
81,tuatapere,1,NZ,1572760094,41,-46.13,167.69,68.38,3.78
82,saldanha,82,PT,1572759845,75,41.42,-6.55,48.99,17.36
83,kattivakkam,40,IN,1572760369,66,13.22,80.32,89.6,11.41
84,chuy,69,UY,1572760064,85,-33.69,-53.46,55.31,7.49
85,saskylakh,100,RU,1572759837,98,71.97,114.09,-2.21,5.21
86,san quintin,78,PH,1572760085,68,17.54,120.52,85.51,5.99
87,chokurdakh,76,RU,1572760073,99,70.62,147.9,-6.74,7.23
88,ugoofaaru,16,MV,1572760098,65,5.67,73.0,83.14,4.41
89,sabang,96,PH,1572760370,80,13.8,121.11,86.0,3.0
90,cabedelo,20,BR,1572760370,88,-6.97,-34.84,75.2,5.82
91,tarauaca,100,BR,1572760370,98,-8.16,-70.77,70.66,1.88
92,upernavik,100,GL,1572760071,92,72.79,-56.15,22.44,13.33
93,kavieng,100,PG,1572760080,80,-2.57,150.8,81.52,15.12
94,tiznit,6,MA,1572760097,71,29.7,-9.73,58.57,0.85
95,arlit,11,NE,1572760370,13,18.74,7.39,79.65,5.97
96,mackay,90,CA,1572760370,100,53.65,-115.58,33.8,3.36
97,la asuncion,100,AR,1572759876,97,-26.05,-65.39,57.58,3.42
98,gold coast,75,AU,1572760370,69,-28.0,153.41,82.0,16.11
99,kavaratti,0,IN,1572760090,71,10.57,72.64,81.55,5.01
100,micheweni,5,TZ,1572760370,76,-4.97,39.83,80.65,12.19
101,palmer,75,AU,1572760100,51,-34.85,139.16,68.0,17.22
102,truckee,1,US,1572760370,49,39.33,-120.18,52.0,3.04
103,coquimbo,86,CL,1572760062,87,-29.95,-71.34,55.4,2.24
104,ocos,5,GT,1572760371,100,14.51,-92.19,77.0,5.82
105,great yarmouth,81,GB,1572760371,93,52.61,1.73,46.99,10.29
106,ahipara,90,NZ,1572760371,77,-35.17,173.16,60.8,18.12
107,bethel,1,US,1572759790,85,60.79,-161.76,24.8,17.22
108,nahavand,20,IR,1572760371,50,34.19,48.37,53.6,4.7
109,bilma,0,NE,1572760096,17,18.69,12.92,76.21,7.47
110,qaanaaq,100,GL,1572760064,58,77.48,-69.36,13.21,8.84
111,berlevag,0,NO,1572759847,65,70.86,29.09,31.48,2.15
112,ende,3,ID,1572760371,71,-8.84,121.65,82.09,5.12
113,tuktoyaktuk,90,CA,1572760077,92,69.44,-133.03,23.0,5.82
114,saint-philippe,90,CA,1572760086,78,45.36,-73.48,41.0,4.7
115,villa carlos paz,75,AR,1572760371,55,-31.42,-64.5,64.99,8.05
116,fereydunshahr,0,IR,1572760371,27,32.94,50.12,45.7,0.65
117,luwingu,5,ZM,1572760371,39,-10.26,29.92,79.38,13.06
118,liberal,1,US,1572760371,68,37.04,-100.92,37.4,8.05
119,baherden,51,TM,1572760372,70,38.44,57.43,50.36,26.26
120,kruisfontein,18,ZA,1572759887,70,-34.0,24.73,63.73,17.18
121,katsuura,75,JP,1572760076,72,33.93,134.5,68.0,9.17
122,galle,75,GN,1572760372,85,10.08,-12.83,67.6,1.59
123,kaitangata,0,NZ,1572760084,62,-46.28,169.85,58.14,10.58
124,port alfred,32,ZA,1572760062,77,-33.59,26.89,69.01,7.0
125,aberystwyth,70,GB,1572760372,100,52.41,-4.08,46.99,4.0
126,paamiut,0,GL,1572760372,40,61.99,-49.67,30.92,4.52
127,kota kinabalu,75,MY,1572760372,66,5.98,116.07,89.6,8.05
128,auki,3,NG,1572760372,64,12.18,6.51,73.22,4.36
129,hobart,75,AU,1572760075,72,-42.88,147.33,59.0,10.29
130,sergeyevka,100,KZ,1572760372,56,53.88,67.42,31.26,8.03
131,port-cartier,90,CA,1572760087,74,50.03,-66.88,37.0,12.75
132,surt,0,LY,1572760373,67,31.21,16.59,64.71,9.08
133,fortuna,1,US,1572760077,81,40.6,-124.16,48.2,6.93
134,high level,90,CA,1572760077,92,58.52,-117.13,26.6,9.17
135,nueva germania,90,PY,1572760373,36,-23.91,-56.7,87.12,5.32
136,college,90,US,1572760080,100,64.86,-147.8,21.2,3.36
137,rudnichnyy,98,RU,1572760373,79,59.7,60.29,26.35,6.4
138,srednekolymsk,93,RU,1572760079,96,67.46,153.71,-0.57,5.39
139,maniitsoq,50,GL,1572760373,52,65.42,-52.9,28.47,6.29
140,laguna,90,BZ,1572760065,94,16.17,-88.94,75.2,2.26
141,muncar,32,ID,1572760373,81,-8.43,114.34,80.02,13.87
142,chemax,72,MX,1572760373,99,20.66,-87.94,71.64,2.55
143,norman wells,75,CA,1572760073,85,65.28,-126.83,15.8,4.7
144,orcopampa,62,PE,1572760373,74,-15.27,-72.34,39.78,0.25
145,hami,99,CN,1572759842,17,42.84,93.51,61.21,4.07
146,torbay,5,CA,1572759850,93,47.66,-52.73,44.01,4.7
147,ilulissat,90,GL,1572760063,67,69.22,-51.1,19.4,2.24
148,ajdabiya,0,LY,1572760373,76,30.75,20.22,65.41,5.48
149,san policarpo,97,PH,1572760374,73,12.18,125.51,85.35,7.16
150,tiksi,100,RU,1572760079,94,71.64,128.87,-1.86,3.4
151,port elizabeth,1,US,1572759851,76,39.31,-74.98,46.0,4.7
152,shache,0,CN,1572760374,19,38.42,77.24,61.83,3.18
153,abalak,84,NE,1572760374,15,15.46,6.28,78.03,7.83
154,lossiemouth,99,GB,1572760374,93,57.72,-3.28,48.99,19.46
155,umm lajj,0,SA,1572760065,35,25.02,37.27,78.64,5.86
156,leshukonskoye,35,RU,1572760374,79,64.9,45.76,17.47,11.01
157,faanui,50,PF,1572760063,81,-16.48,-151.75,81.52,8.41
158,yulara,0,AU,1572759863,9,-25.24,130.99,86.0,12.75
159,ambilobe,15,MG,1572760374,45,-13.19,49.05,88.86,10.58
160,hamilton,20,CA,1572760096,92,43.26,-79.87,39.2,9.17
161,itacare,75,BR,1572760152,94,-14.28,-39.0,73.4,5.82
162,mineros,40,BO,1572760375,88,-17.12,-63.23,73.4,6.93
163,palana,100,RU,1572760081,67,59.08,159.95,36.79,30.47
164,aswan,0,EG,1572760375,33,24.09,32.9,77.07,5.95
165,fort nelson,90,CA,1572759864,92,58.81,-122.69,28.4,8.05
166,rameshki,100,RU,1572760375,96,57.35,36.05,34.99,16.53
167,margate,75,AU,1572760375,77,-43.03,147.26,59.0,11.41
168,diu,2,IN,1572760375,75,20.71,70.98,82.11,13.2
169,bihoro,40,JP,1572760375,49,43.75,144.14,48.2,8.05
170,anadyr,75,RU,1572760021,85,64.73,177.51,19.4,4.47
171,port-gentil,20,GA,1572760375,94,-0.72,8.78,77.0,3.36
172,kodiak,1,US,1572760062,59,39.95,-94.76,42.01,8.05
173,tilichiki,99,RU,1572760064,91,60.47,166.1,26.11,8.77
174,marsa matruh,40,EG,1572760375,82,31.35,27.25,62.6,6.87
175,tabou,3,CI,1572760375,95,4.42,-7.36,73.24,2.24
176,talnakh,100,RU,1572759840,75,69.49,88.39,-16.61,4.47
177,nanortalik,0,GL,1572760074,63,60.14,-45.24,33.06,1.59
178,matagami,67,NG,1572760376,93,9.67,8.4,59.0,11.41
179,lubao,20,CD,1572760376,80,-5.39,25.75,74.89,2.91
180,pulaski,1,US,1572760376,65,37.05,-80.78,41.0,6.93
181,tutoia,50,BR,1572760376,93,-2.76,-42.27,72.9,4.32
182,sinnamary,3,GF,1572760376,78,5.38,-52.96,82.2,12.28
183,pevek,34,RU,1572760062,78,69.7,170.27,13.33,13.62
184,te anau,15,NZ,1572759839,61,-45.41,167.72,59.23,6.82
185,east london,0,ZA,1572760085,64,-33.02,27.91,68.0,14.99
186,feijo,99,EC,1572760377,86,-3.63,-79.92,71.46,2.24
187,ponta do sol,51,BR,1572759844,93,-20.63,-46.0,64.76,4.23
188,adrar,0,DZ,1572760377,48,27.87,-0.29,60.8,4.7
189,naugachhia,61,IN,1572760377,48,25.4,87.1,85.37,4.9
190,jasper,1,US,1572760217,100,33.83,-87.28,43.0,4.27
191,vozhega,100,RU,1572760377,97,60.47,40.21,32.34,15.66
192,cairns,68,AU,1572760377,54,-16.92,145.77,87.01,13.87
193,saint george,20,GR,1572759912,93,39.45,22.34,50.0,5.82
194,svobodnyy,71,RU,1572760377,67,53.85,40.53,30.99,5.01
195,kalmunai,100,LK,1572760377,76,7.42,81.82,82.56,8.68
196,santiago de cao,75,PE,1572760378,88,-7.96,-79.24,62.6,6.93
197,fuling,0,CN,1572760378,60,29.71,107.39,67.73,2.91
198,griffith,75,AU,1572760378,100,-34.29,146.06,66.2,5.82
199,quatre cocos,75,MU,1572760378,83,-20.21,57.76,73.0,17.22
200,lavrentiya,93,RU,1572760378,82,65.58,-170.99,23.27,3.11
201,nemuro,20,JP,1572760378,57,43.32,145.57,48.2,10.29
202,tomatlan,100,MX,1572760378,89,19.93,-105.25,69.4,3.09
203,garowe,98,SO,1572760378,53,8.41,48.48,82.35,3.27
204,kuching,75,MY,1572760378,59,1.56,110.34,91.4,2.24
205,gao,0,ML,1572760378,14,16.28,-0.04,79.38,5.1
206,vardo,1,US,1572759862,100,39.62,-77.74,41.0,4.83
207,santa quiteria do maranhao,70,BR,1572760378,88,-3.52,-42.55,74.08,4.29
208,shieli,98,KZ,1572760378,35,44.18,66.74,60.78,11.39
209,jamestown,0,AU,1572760064,34,-33.21,138.6,66.36,14.81
210,nayudupeta,20,IN,1572760378,66,13.91,79.9,86.0,9.17
211,severo-kurilsk,100,RU,1572760085,83,50.68,156.12,35.33,3.47
212,batagay-alyta,100,RU,1572760379,99,67.8,130.41,-9.8,6.85
213,ornskoldsvik,0,SE,1572760108,68,63.29,18.72,30.2,6.93
214,batagay,99,RU,1572760379,85,67.65,134.64,2.17,5.01
215,nouadhibou,0,MR,1572760093,73,20.93,-17.03,71.6,13.87
216,atar,0,MR,1572760084,27,20.52,-13.05,72.46,8.34
217,mayo,90,CA,1572760379,92,63.59,-135.9,28.4,1.5
218,santa ana,97,MX,1572760379,86,30.54,-111.12,60.01,1.21
219,shimoda,75,JP,1572760379,60,34.7,138.93,71.01,8.05
220,camas,20,ES,1572760379,72,37.4,-6.03,66.2,13.87
221,persianovskiy,83,RU,1572760379,86,47.51,40.11,26.6,8.95
222,hirado,99,JP,1572760379,72,33.32,129.49,69.01,2.24
223,iqaluit,75,CA,1572760096,79,63.75,-68.52,23.0,1.95
224,shelburne,40,CA,1572760379,93,44.08,-80.2,37.99,8.05
225,leirvik,100,NO,1572760379,56,59.78,5.5,45.0,16.11
226,juba,100,EE,1572760380,93,57.82,26.93,39.2,6.93
227,katherine,75,AU,1572760380,29,-14.47,132.26,98.6,9.17
228,myitkyina,0,MM,1572760380,39,25.38,97.4,89.67,2.59
229,khartoum,0,SD,1572760380,14,15.59,32.54,84.2,10.29
230,carnot,98,CF,1572760380,94,4.94,15.87,69.89,1.77
231,miraflores,0,PE,1572760380,53,-16.39,-71.52,50.0,4.7
232,alice springs,1,AU,1572760076,20,-23.7,133.88,82.4,16.11
233,baihar,15,IN,1572760380,42,22.11,80.55,86.16,2.37
234,konya,0,TR,1572760380,47,37.87,32.48,32.0,4.7
235,hobyo,93,SO,1572759866,61,5.35,48.53,84.58,11.9
236,provideniya,92,RU,1572759849,88,64.42,-173.23,17.92,1.23
237,tessalit,1,ML,1572760381,24,20.2,1.01,73.54,8.75
238,butaritari,50,KI,1572760065,76,3.07,172.79,84.45,16.33
239,usinsk,24,RU,1572760381,94,66.0,57.56,4.01,7.76
240,pisz,100,PL,1572760381,85,53.63,21.81,46.62,12.62
241,cabra,100,ES,1572760381,82,37.47,-4.43,63.0,11.41
242,port blair,0,IN,1572760381,72,11.67,92.75,82.92,11.27
243,nome,1,US,1572760093,93,30.04,-94.42,48.2,4.97
244,puerto baquerizo moreno,100,EC,1572760085,90,-0.9,-89.6,69.64,12.08
245,suntar,100,RU,1572760381,73,62.16,117.65,30.42,10.67
246,chase,1,US,1572760381,51,38.35,-98.35,42.01,10.29
247,kaduna,74,NG,1572760382,75,10.52,7.44,72.14,2.42
248,haines junction,100,CA,1572760382,98,60.75,-137.51,29.79,3.04
249,liverpool,40,GB,1572760382,100,53.41,-2.98,46.0,4.7
250,plouzane,75,FR,1572760382,87,48.38,-4.62,51.01,13.87
251,thompson,90,CA,1572759799,92,55.74,-97.86,21.2,5.82
252,boddam,88,GB,1572760382,93,57.47,-1.78,48.2,14.99
253,padang,42,ID,1572759875,65,-0.92,100.36,80.42,5.21
254,bandarbeyla,100,SO,1572760382,77,9.49,50.81,81.3,11.97
255,bremervorde,75,DE,1572760382,81,53.48,9.13,51.01,6.93
256,waipawa,9,NZ,1572760382,74,-39.94,176.59,68.0,3.91
257,cherskiy,100,RU,1572760092,85,68.75,161.3,13.53,7.94
258,surazh,100,RU,1572760382,85,53.01,32.39,42.44,20.02
259,palembang,20,ID,1572760382,52,-2.99,104.76,89.6,5.82
260,tricase,75,IT,1572760382,100,39.93,18.36,68.0,18.34
261,kidal,2,ML,1572760383,15,18.44,1.41,76.44,8.25
262,shakawe,78,BW,1572760383,65,-18.36,21.84,74.08,5.95
263,clyde river,75,CA,1572759862,73,70.47,-68.59,21.2,5.82
264,pisco,93,PE,1572760079,82,-13.71,-76.2,63.0,11.41
265,pokhara,0,NP,1572760383,43,28.21,83.99,83.16,2.26
266,palauig,97,PH,1572760383,79,15.44,119.9,81.54,4.41
267,honiara,75,SB,1572760383,66,-9.43,159.96,89.6,11.41
268,huarmey,100,PE,1572760077,87,-10.07,-78.15,60.96,2.71
269,wakkanai,75,JP,1572760383,65,45.41,141.67,41.0,16.11
270,north bend,1,US,1572760098,100,43.41,-124.22,46.99,3.36
271,aksu,43,KZ,1572760383,80,52.04,76.93,30.2,4.47
272,coalinga,1,US,1572760383,39,36.14,-120.36,55.99,4.7
273,windhoek,0,NA,1572760383,15,-22.57,17.08,73.0,4.7
274,los llanos de aridane,46,ES,1572760078,83,28.66,-17.92,72.0,5.82
275,vila velha,75,BR,1572760080,74,-3.71,-38.6,80.6,11.41
276,panguna,100,PG,1572760383,99,-6.32,155.48,71.74,0.36
277,tigil,100,RU,1572760383,77,57.8,158.67,36.97,21.77
278,derzhavinsk,100,KZ,1572760093,52,51.1,66.31,32.36,15.59
279,goderich,74,CA,1572760073,79,43.74,-81.71,43.0,12.39
280,kieta,100,PG,1572760066,89,-6.22,155.63,77.5,8.01
281,peniche,75,PT,1572760101,100,39.36,-9.38,63.0,11.41
282,bayan,0,CN,1572760384,22,36.1,102.26,47.08,4.83
283,san patricio,0,PY,1572760081,84,-26.98,-56.83,75.29,7.49
284,kilindoni,36,TZ,1572760384,72,-7.91,39.67,80.51,4.27
285,acapulco,75,MX,1572760384,83,16.86,-99.88,82.4,5.82
286,khorixas,38,NA,1572760384,16,-20.37,14.96,83.39,8.81
287,antalaha,82,MG,1572760384,75,-14.9,50.28,78.78,13.02
288,coihaique,88,CL,1572760384,54,-45.58,-72.07,53.6,6.93
289,det udom,20,TH,1572760384,62,14.9,105.08,87.8,9.17
290,chicama,75,PE,1572760384,88,-7.84,-79.15,62.6,6.93
291,bubaque,100,GW,1572760384,66,11.28,-15.83,83.17,2.26
292,vanimo,100,PG,1572760384,76,-2.67,141.3,83.57,14.43
293,joshimath,62,IN,1572760098,38,30.57,79.57,55.51,6.82
294,esperance,29,AU,1572760083,45,-33.86,121.89,68.0,18.34
295,ostrowiec swietokrzyski,92,PL,1572760385,90,50.93,21.39,45.0,11.21
296,barcelona,20,ES,1572760207,68,41.38,2.18,66.99,13.87
297,mogadishu,75,SO,1572759893,70,2.04,45.34,84.2,11.41
298,dunedin,0,NZ,1572760385,61,-45.87,170.5,60.01,11.74
299,saint-augustin,90,CA,1572760385,86,45.63,-73.98,39.99,4.25
300,hambantota,75,LK,1572760074,83,6.12,81.12,84.2,4.7
301,segou,98,SN,1572760385,83,12.41,-12.29,73.11,0.63
302,port macquarie,21,AU,1572760073,64,-31.43,152.91,84.2,24.16
303,alofi,99,NU,1572760066,64,-19.06,-169.92,73.4,11.41
304,murdochville,100,CA,1572760385,89,48.96,-65.49,29.05,4.97
305,touros,40,BR,1572760077,94,-5.2,-35.46,73.4,4.7
306,naples,75,IT,1572760385,93,40.84,14.25,66.99,10.29
307,maan,0,IN,1572760385,29,30.1,74.66,86.59,3.69
308,ixcatepec,100,MX,1572760386,88,21.24,-98.0,62.92,9.31
309,geraldton,90,CA,1572760081,85,49.72,-86.95,24.8,6.93
310,taonan,0,CN,1572760386,86,45.34,122.78,41.0,3.38
311,soure,75,PT,1572760386,100,40.06,-8.63,63.0,11.41
312,ryotsu,100,JP,1572760386,59,38.08,138.43,62.6,6.93
313,boyolangu,93,ID,1572760386,63,-8.09,111.9,84.25,13.69
314,eydhafushi,13,MV,1572760386,64,5.1,73.07,83.41,4.94
315,kiszombor,40,HU,1572760386,87,46.19,20.43,54.0,10.29
316,newport,90,GB,1572760386,93,51.59,-3.0,50.0,8.05
317,bagaces,48,CR,1572760386,94,10.53,-85.25,73.4,2.24
318,troitskoye,0,RU,1572760386,36,52.98,84.68,34.79,1.88
319,naryan-mar,4,RU,1572760386,95,67.67,53.09,6.75,11.97
320,opuwo,77,NA,1572760103,38,-18.06,13.84,76.03,15.77
321,progreso,40,UY,1572760386,82,-34.68,-56.22,63.0,6.93
322,monze,2,ZM,1572760386,38,-16.28,27.48,78.33,8.68
323,cabo san lucas,5,MX,1572759821,73,22.89,-109.91,80.01,4.7
324,eyl,95,SO,1572760387,77,7.98,49.82,82.26,10.11
325,atambua,3,ID,1572760066,52,-9.11,124.89,86.61,7.67
326,ayan,19,IR,1572760387,68,38.23,44.7,37.17,1.79
327,avera,1,US,1572760080,75,33.19,-82.53,50.0,3.36
328,klaksvik,87,FO,1572760091,75,62.23,-6.59,41.0,20.8
329,seoul,1,KR,1572759937,52,37.57,126.98,69.8,4.7
330,malanje,100,AO,1572760387,91,-9.54,16.35,68.38,1.83
331,olenegorsk,100,RU,1572760387,93,68.14,33.28,22.66,2.89
332,xunchang,7,CN,1572760387,60,28.45,104.71,70.84,4.72
333,iracoubo,3,GF,1572760092,78,5.48,-53.21,82.2,12.28
334,boke,99,GN,1572760387,91,10.95,-14.28,73.13,0.92
335,gallup,1,US,1572760387,29,35.53,-108.74,24.8,2.77
336,huangnihe,0,CN,1572760387,33,43.56,128.02,36.14,9.64
337,cidreira,96,BR,1572760082,94,-30.17,-50.22,70.11,3.36
338,codo,96,ES,1572760387,55,41.33,-0.7,62.6,13.87
339,naze,90,NG,1572760387,93,5.43,7.07,74.19,0.74
340,sibu,75,MY,1572760387,59,2.29,111.83,91.4,4.7
341,jalu,0,LY,1572760387,68,29.03,21.55,65.5,3.67
342,kautokeino,62,NO,1572760388,82,69.01,23.04,14.56,2.51
343,abu dhabi,0,AE,1572760330,65,24.47,54.37,80.6,4.7
344,wenling,100,CN,1572760388,62,28.38,121.38,77.0,11.56
345,temple terrace,90,US,1572760388,82,28.04,-82.39,71.01,13.6
346,grindavik,100,IS,1572760081,69,63.84,-22.43,41.0,12.75
347,olinda,75,AU,1572760388,59,-37.84,145.39,66.0,16.11
348,mount isa,90,AU,1572760064,16,-20.73,139.49,98.6,12.75
349,synya,0,RU,1572760084,93,65.37,58.04,7.18,4.14
350,trincomalee,61,LK,1572760388,50,8.58,81.23,90.37,4.61
351,maraba,47,BR,1572760388,78,-5.35,-49.1,82.4,4.7
352,sucua,62,EC,1572760080,97,-2.46,-78.17,61.81,2.17
353,trat,20,TH,1572760388,74,12.25,102.51,87.8,2.24
354,douentza,26,ML,1572760389,20,15.01,-2.95,75.02,2.48
355,karratha,0,AU,1572760096,56,-20.74,116.85,78.51,12.37
356,tuni,40,BO,1572760389,70,-16.67,-68.14,44.6,5.82
357,kahului,34,US,1572759865,1,20.89,-156.47,73.99,5.01
358,nelson bay,75,AU,1572760389,83,-32.72,152.14,75.99,6.93
359,sinjar,84,SY,1572760389,47,35.59,37.0,61.92,12.77
360,petropavlovsk-kamchatskiy,75,RU,1572760389,81,53.05,158.65,42.8,11.18
361,ekhabi,84,RU,1572760389,94,53.51,142.97,39.09,7.45
362,vieste,40,IT,1572760390,82,41.88,16.18,60.8,9.17
363,luanda,75,AO,1572760390,88,-8.83,13.24,77.0,4.7
364,vrede,55,ZA,1572760390,27,-27.43,29.16,70.21,5.19
365,oussouye,79,SN,1572760390,82,12.49,-16.54,77.61,2.24
366,sitka,0,US,1572760066,50,37.17,-99.65,39.0,11.99
367,matola,20,MZ,1572760390,57,-25.97,32.47,77.0,11.41
368,meulaboh,54,ID,1572760092,75,4.14,96.13,79.09,0.69
369,adeje,63,NG,1572760390,92,5.68,5.76,75.33,1.59
370,yelizovo,75,RU,1572760390,81,53.19,158.38,42.8,11.18
371,taiyuan,85,CN,1572760390,62,37.86,112.56,55.4,11.18
372,manicore,97,BR,1572760391,98,-5.81,-61.3,72.19,1.88
373,bambous virieux,75,MU,1572760067,83,-20.34,57.76,73.99,17.22
374,guerrero negro,56,MX,1572760097,41,27.97,-114.04,67.69,7.11
375,bahia honda,20,CU,1572760391,87,22.9,-83.16,77.74,11.32
376,comodoro rivadavia,100,AR,1572760206,36,-45.87,-67.48,60.8,31.09
377,bathsheba,40,BB,1572760094,83,13.22,-59.52,80.6,13.87
378,beyneu,100,KZ,1572760391,95,45.32,55.19,33.4,19.84
379,shiyan,0,CN,1572760391,21,32.65,110.78,62.01,5.59
380,luoyang,0,CN,1572760391,34,34.66,112.42,69.6,8.41
381,malatya,0,TR,1572760391,39,38.35,38.32,37.4,3.36
382,mozarlandia,65,BR,1572760391,69,-14.74,-50.57,77.68,6.91
383,matucana,100,PE,1572760391,69,-11.84,-76.39,55.54,1.57
384,puerto madryn,1,AR,1572760087,30,-42.77,-65.04,58.26,9.17
385,jinchang,0,CN,1572760088,23,38.52,102.19,50.27,6.15
386,nortelandia,92,BR,1572760391,89,-14.45,-56.8,69.71,3.42
387,la palma,97,CO,1572760391,94,5.36,-74.39,68.22,1.12
388,xining,0,CN,1572760074,21,36.62,101.77,50.56,2.3
389,doka,37,SD,1572760392,43,13.52,35.76,83.53,4.25
390,kudahuvadhoo,24,MV,1572760099,68,2.67,72.89,82.72,2.24
391,kangaatsiaq,100,GL,1572760392,69,68.31,-53.46,27.05,7.96
392,gat,3,SN,1572760098,61,14.69,-16.54,77.0,2.24
393,savannah bight,0,HN,1572760392,73,16.45,-85.85,81.72,5.97
394,khowai,40,IN,1572760392,66,24.08,91.6,86.0,2.42
395,beringovskiy,100,RU,1572760091,89,63.05,179.32,28.99,7.54
396,prainha,89,BR,1572760392,77,-1.8,-53.48,76.75,2.3
397,nanakuli,75,US,1572760392,78,21.39,-158.15,80.6,2.91
398,thinadhoo,90,MV,1572760073,75,0.53,72.93,81.57,4.18
399,batemans bay,98,AU,1572760094,92,-35.71,150.18,68.0,1.01
400,macherla,18,IN,1572760392,71,16.48,79.44,84.16,3.65
401,flin flon,63,CA,1572760392,90,54.77,-101.88,21.88,1.54
402,novyy urengoy,63,RU,1572760090,90,66.08,76.63,2.89,9.71
403,saint-pierre,75,FR,1572760392,93,48.95,4.24,51.8,18.34
404,souris,40,CA,1572760392,75,46.36,-62.25,45.0,6.93
405,roald,0,NO,1572760103,59,62.58,6.12,37.4,32.21
406,tanete,9,ID,1572760094,41,-3.94,119.78,94.26,8.99
407,phangnga,40,TH,1572760393,70,8.45,98.53,87.8,14.99
408,petropavlovka,15,RU,1572760393,54,50.61,105.32,46.54,2.98
409,banda aceh,91,ID,1572759889,62,5.56,95.32,86.05,7.05
410,buin,0,CL,1572760393,48,-33.73,-70.74,66.0,8.05
411,konice,90,CZ,1572760393,93,49.59,16.89,52.0,13.87
412,nichinan,75,JP,1572760393,64,31.65,131.31,75.2,8.05
413,penzance,50,GB,1572760393,87,50.12,-5.53,54.0,18.34
414,luderitz,0,NA,1572760393,42,-26.65,15.16,62.6,4.7
415,khandyga,91,RU,1572760091,94,62.65,135.58,-0.82,1.45
416,hasaki,75,JP,1572760086,82,35.73,140.83,66.2,1.12
417,juneau,90,US,1572760202,100,58.3,-134.42,46.0,4.7
418,cayenne,5,GF,1572760082,100,4.94,-52.33,73.4,3.78
419,souillac,100,FR,1572759871,87,45.6,-0.6,55.4,25.28
420,nishihara,90,JP,1572760393,67,35.74,139.53,68.0,4.7
421,la rioja,96,AR,1572760394,55,-29.41,-66.86,61.75,4.68
422,mahibadhoo,26,MV,1572760394,68,3.78,72.97,83.17,3.47
423,byron bay,75,AU,1572760394,69,-28.65,153.62,82.4,16.11
424,awjilah,0,LY,1572760083,68,29.14,21.3,65.5,3.67
425,umba,100,RU,1572760394,93,66.69,34.34,32.09,20.62
426,dongying,67,CN,1572760394,48,37.43,118.67,53.92,12.57
427,kanniyakumari,100,IN,1572760394,70,8.08,77.57,82.38,0.13
428,arrifes,75,PT,1572760394,77,37.77,-25.7,64.4,5.82
429,ambon,83,FR,1572760394,93,47.55,-2.56,52.0,23.04
430,yar-sale,98,RU,1572760082,89,66.83,70.83,5.7,9.48
431,ternovka,36,RU,1572760394,55,51.69,41.59,31.37,12.35
432,beipiao,0,CN,1572760394,16,41.8,120.76,42.73,13.76
433,mujiayingzi,17,CN,1572760087,17,42.12,118.78,39.58,6.31
434,leningradskiy,8,RU,1572760063,75,69.38,178.42,11.37,9.37
435,bad segeberg,97,DE,1572760394,87,53.94,10.3,50.0,9.17
436,zhangjiakou,93,CN,1572760395,76,40.77,114.88,44.49,5.59
437,vannes,77,FR,1572760395,93,47.66,-2.76,52.0,23.04
438,santa vitoria do palmar,69,BR,1572760395,85,-33.52,-53.37,55.31,7.49
439,laramie,1,US,1572760267,42,41.31,-105.59,36.0,10.29
440,fuxin,0,CN,1572760395,18,42.02,121.65,42.58,13.42
441,kidero,21,RU,1572760395,55,42.19,45.96,34.9,2.01
442,quelimane,20,MZ,1572760079,74,-17.88,36.89,80.6,6.93
443,darnah,0,LY,1572760395,66,32.77,22.64,70.75,5.37
444,rodrigues alves,91,BR,1572760395,94,-7.74,-72.65,72.41,1.88
445,nizhnevartovsk,40,RU,1572760395,85,60.93,76.58,15.8,8.95
446,caravelas,15,BR,1572760076,92,-17.73,-39.27,69.1,4.59
447,rundu,28,NA,1572760395,64,-17.91,19.77,69.8,4.7
448,sechura,61,PE,1572760395,89,-5.56,-80.82,63.59,11.03
449,mantua,75,IT,1572760396,93,45.16,10.79,53.6,8.05
450,neuquen,0,AR,1572760396,18,-38.95,-68.06,54.97,5.88
451,kutum,12,SD,1572760098,19,14.2,24.66,70.7,5.37
452,lingao,6,CN,1572760396,74,19.91,109.69,78.28,9.44
453,sao joao da barra,20,BR,1572760085,90,-21.64,-41.05,72.45,11.52
454,mbandaka,98,CD,1572760396,92,0.05,18.26,73.98,3.13
455,tamiahua,100,MX,1572760079,84,21.28,-97.45,66.09,17.4
456,camopi,61,GF,1572760396,99,3.17,-52.33,70.88,1.99
457,lazaro cardenas,100,MX,1572760396,83,28.39,-105.62,55.99,1.77
458,mount gambier,40,AU,1572760396,51,-37.83,140.78,60.8,21.92
459,yashkul,0,RU,1572760396,40,46.17,45.34,32.77,6.96
460,voznesenye,100,RU,1572760396,90,61.02,35.48,35.2,14.43
461,balikpapan,90,ID,1572760396,74,-1.24,116.86,86.29,6.02
462,taltal,53,CL,1572760396,86,-25.41,-70.49,52.3,3.83
463,zhengjiatun,52,CN,1572760396,23,43.51,123.51,39.45,9.26
464,cap malheureux,75,MU,1572760083,83,-19.98,57.61,73.99,17.22
465,port hardy,40,CA,1572759856,100,50.7,-127.42,44.6,1.19
466,taoudenni,50,ML,1572760075,33,22.68,-3.98,71.04,6.58
467,kremenki,75,RU,1572760397,86,54.51,48.87,30.2,8.95
468,kipini,40,KE,1572760397,70,-2.53,40.53,84.2,4.7
469,winslow,97,GB,1572760397,93,51.94,-0.88,46.99,5.82
470,ostrovnoy,100,RU,1572760075,84,68.05,39.51,24.1,27.78
471,vacaria,100,BR,1572760151,99,-28.51,-50.94,68.0,3.0
472,nalut,0,LY,1572760397,48,31.86,10.98,64.98,9.53
473,shenzhen,20,CN,1572760397,45,22.54,114.05,93.0,3.36
474,sombrerete,70,MX,1572760397,88,23.63,-103.64,50.4,8.93
475,simbahan,45,PH,1572760397,73,6.3,120.58,83.25,7.63
476,rocha,25,UY,1572759986,95,-34.48,-54.34,51.08,4.32
477,mayumba,100,GA,1572760398,86,-3.44,10.65,78.1,4.74
478,panama city,1,US,1572760398,50,30.16,-85.65,55.4,9.17
479,sheregesh,59,RU,1572760398,74,52.93,87.98,26.6,3.29
480,kysyl-syr,100,RU,1572760398,88,63.9,122.77,32.0,9.24
481,buarcos,75,PT,1572760398,100,40.16,-8.88,63.0,11.41
482,tarko-sale,78,RU,1572760398,86,64.92,77.78,6.01,11.1
483,iwanai,11,JP,1572760398,61,42.97,140.51,41.56,6.49
484,bermejo,98,AR,1572760398,96,-22.73,-64.34,67.41,1.88
485,marienburg,100,DE,1572760092,76,52.12,9.98,53.01,3.36
486,george,0,MW,1572760398,45,-15.35,34.83,82.89,4.61
487,nador,97,MA,1572760093,77,35.17,-2.93,68.0,8.05
488,port lincoln,62,AU,1572760398,45,-34.72,135.86,63.01,16.46
489,kurilsk,20,RU,1572760398,73,45.23,147.88,41.04,18.66
490,coahuayana,70,MX,1572760088,92,18.62,-100.35,70.63,2.1
491,thatta,40,IN,1572760398,73,31.7,74.64,75.2,5.08
492,bainbridge,75,US,1572760398,57,30.9,-84.58,53.6,8.05
493,dryden,90,CA,1572760399,92,49.79,-92.84,26.6,6.93
494,tochio,75,JP,1572760399,67,37.47,139.0,62.6,6.93
495,sao miguel,61,BR,1572760399,78,4.52,-61.01,70.77,2.35
496,hay river,90,CA,1572760399,74,60.82,-115.79,28.4,8.05
497,conkal,75,MX,1572760399,83,21.08,-89.52,80.01,6.93
498,moindou,24,NC,1572760399,57,-21.69,165.68,78.8,18.34
499,bud,0,NO,1572760399,47,62.91,6.91,37.4,23.04
500,marathon,96,CA,1572760399,76,48.72,-86.38,34.56,16.22
501,krasnoborsk,91,RU,1572760399,81,61.56,45.93,20.82,10.27
502,rawson,28,AR,1572760076,49,-43.3,-65.11,57.38,12.41
503,saint-francois,100,FR,1572760399,71,46.42,3.91,55.4,8.05
504,kem,44,UG,1572760399,53,2.68,33.77,78.6,1.68
505,cascais,75,PT,1572760399,93,38.7,-9.42,64.4,12.75
506,ixtapa,90,MX,1572760067,78,20.71,-105.21,80.01,5.21
507,bam,0,IR,1572760400,23,29.11,58.36,78.4,5.55
508,ilinskiy,40,RU,1572760400,74,55.62,38.12,39.0,13.42
509,palu,85,ID,1572760093,85,-0.9,119.87,78.6,2.8
510,voyinka,46,UA,1572760400,63,45.87,33.99,39.18,5.35
511,ous,57,RU,1572760400,82,60.91,61.52,22.12,2.44
512,nicoya,52,CR,1572760400,94,10.15,-85.45,73.4,2.24
513,sterling,1,US,1572760099,68,39.0,-77.4,42.01,3.36
514,johi,0,PK,1572760400,40,26.69,67.61,84.24,7.11
515,flinders,75,AU,1572760076,50,-34.58,150.85,78.01,24.16
516,tetelzingo,100,MX,1572760400,97,19.05,-97.15,57.67,1.86
517,kalabo,27,ZM,1572760400,43,-15.0,22.67,79.99,10.25
518,sampit,98,ID,1572760400,40,-2.54,112.95,95.09,4.21
519,guilin,40,CN,1572760400,61,25.28,110.29,77.0,6.71
520,datagon,75,PH,1572760400,70,9.45,123.09,89.6,4.7
521,joplin,1,US,1572760204,86,37.08,-94.51,37.99,9.01
522,bukene,16,TZ,1572760401,40,-4.23,32.89,76.89,10.36
523,sydney,75,AU,1572760111,69,-33.85,151.22,82.4,21.92
524,baruun-urt,0,MN,1572760401,39,46.68,113.28,45.64,4.76
525,sinfra,90,CI,1572760401,100,6.62,-5.91,69.8,2.42
526,ilebo,96,CD,1572760401,90,-4.33,20.59,73.56,1.63
527,lasa,20,CY,1572760088,72,34.92,32.53,64.4,9.17
528,kantang,75,TH,1572760401,83,7.42,99.52,78.8,4.7
529,labuhan,47,ID,1572760083,41,-2.54,115.51,94.28,2.91
530,rio gallegos,40,AR,1572760401,87,-51.62,-69.22,46.4,19.46
531,superior,1,US,1572760401,86,39.95,-105.17,34.0,2.75
532,susangerd,0,IR,1572760401,43,31.56,48.19,71.6,2.24
533,kiunga,96,PG,1572760401,47,-6.12,141.3,90.12,2.48
534,beisfjord,75,NO,1572760401,91,68.38,17.6,32.0,19.46
535,shaoyang,0,CN,1572760401,36,27.23,111.45,74.68,7.9
536,vilyuysk,88,RU,1572760402,80,63.75,121.63,29.17,12.39
537,mandera,5,ET,1572760402,21,3.94,41.86,84.0,1.01
538,campbell river,75,CA,1572760402,93,50.02,-125.24,46.4,8.97
539,kawalu,100,ID,1572760091,87,-7.38,108.21,73.74,5.19
540,davila,75,PH,1572760402,83,18.47,120.58,84.2,5.82
541,russell,1,US,1572759934,51,38.9,-98.86,39.99,9.17
542,mitsamiouli,40,KM,1572760097,70,-11.38,43.28,84.2,4.7
543,boa vista,54,BR,1572760402,74,2.82,-60.67,80.6,2.24
544,cordoba,100,AR,1572760270,54,-27.78,-67.24,65.73,10.67
545,arcata,1,US,1572760402,81,40.87,-124.08,48.2,6.93
546,san cristobal,52,HN,1572760402,98,14.68,-86.92,65.34,3.62
547,lahat,99,ID,1572760402,33,-3.78,103.55,87.71,4.59
548,le port,71,FR,1572760402,96,42.87,1.37,54.0,10.0
549,pishva,20,IR,1572760402,44,35.31,51.73,60.8,4.7
550,upington,12,ZA,1572760402,22,-28.46,21.24,66.2,3.36
551,broome,81,GB,1572760101,93,52.47,1.45,48.0,10.29
552,temba,26,ZA,1572760403,65,-25.38,28.26,72.0,4.0
553,faya,97,SA,1572760403,45,18.39,42.45,68.0,5.82
554,willemstad,22,GY,1572760403,73,6.33,-57.57,83.32,13.76
555,talas,100,KG,1572760403,33,42.52,72.24,56.98,1.43
556,alta floresta,96,BR,1572760403,97,-9.87,-56.08,69.01,2.77
557,mago,100,RU,1572760403,80,53.27,140.15,30.38,17.45
558,trebinje,75,HR,1572760403,88,42.71,18.35,68.0,17.22
559,miandrivazo,1,MG,1572760403,39,-19.53,45.46,85.21,4.59
560,erenhot,0,CN,1572760088,49,43.65,111.97,51.94,4.32
561,zheleznodorozhnyy,40,RU,1572760095,74,55.75,38.0,39.0,13.42
562,khoy,0,IR,1572760286,36,38.55,44.95,46.49,4.43
563,tezu,0,IN,1572760076,40,27.93,96.16,81.99,3.24
564,lambarene,100,GA,1572760403,97,-0.7,10.22,71.96,2.77
565,providencia,87,CO,1572760403,96,1.24,-77.6,47.21,4.47
566,flic en flac,75,MU,1572760403,83,-20.27,57.36,73.0,17.22
567,aksarka,55,RU,1572760082,89,66.56,67.8,4.68,8.79
568,lang son,69,VN,1572760404,61,21.83,106.73,79.16,8.93
569,nakasongola,65,UG,1572760404,77,1.32,32.46,73.4,2.55
